   298.18000000000001       -5.9768290049242910E-002   4.4939202806996998E-003   8.6230504053684987E-005   1.1822298913945771E-004
   315.36000000000001       -7.4889849402075603E-002   9.2432945569987345E-003   1.8030153929203660E-004   2.5720511022042972E-004
   332.54000000000002       -9.0858259456351204E-002   1.4705000453363190E-002   2.9091478028456773E-004   4.3062297217569582E-004
   349.72000000000003      -0.10767352021206984        2.0881108974309909E-002   4.1900453582219353E-004   6.4220201482842899E-004
   366.89999999999998      -0.12533563166923140        2.7785965983239510E-002   5.6534454093738653E-004   8.9572076093358385E-004
   384.07999999999998      -0.14384459382783593        3.5474452492202650E-002   7.3052466686662700E-004   1.1949948079220301E-003
   401.25999999999999      -0.16320040668788355        4.3919817379987854E-002   9.1492817229387737E-004   1.5438633209346642E-003
   418.44000000000000      -0.18340307024937416        5.3170957698940723E-002   1.1187096050868683E-003   1.9461750997108206E-003
   435.62000000000000      -0.20445258451230769        6.3248634482150193E-002   1.3417734512896655E-003   2.4057768688455551E-003
   452.80000000000001      -0.22634894947668427        7.4162194958616104E-002   1.5837536161972237E-003   2.9264997893518308E-003
   469.98000000000002      -0.24909216514250374        8.5896274203743628E-002   1.8439938103765340E-003   3.5121526403293145E-003
   487.15999999999997      -0.27268223150976623        9.8494612014929539E-002   2.1215289018911318E-003   4.1665078858527885E-003
   504.34000000000003      -0.29711914857847171       0.11200555889294624        2.4150672848960819E-003   4.8933016749721520E-003
   521.51999999999998      -0.32240291634862017       0.12635777398578094        2.7229743040281516E-003   5.6962200568254238E-003
   538.70000000000005      -0.34853353482021177       0.14164143678022192        3.0432567640453416E-003   6.5788963125960965E-003
   555.88000000000000      -0.37551100399324616       0.15776461290383037        3.3735485445186195E-003   7.5449133271065982E-003
   573.05999999999995      -0.40333532386772336       0.17481349758137124        3.7110973308357807E-003   8.5977970669362767E-003
   590.24000000000001      -0.43200649444364397       0.19277036859151589        4.0527524643594361E-003   9.7410142088279316E-003
   607.42000000000007      -0.46152451572100750       0.21162900442706850        4.3950547837754749E-003   1.0977978068671474E-002
   624.60000000000002      -0.49188938769981388       0.23142178765222485        4.7338228296951342E-003   1.2312051565995749E-002
   641.77999999999997      -0.52310111038006313       0.25211676206846068        5.0647481954023245E-003   1.3746551374257098E-002
   658.96000000000004      -0.55515968376175562       0.27374829999476091        5.3829871043816696E-003   1.5284755035619744E-002
   676.13999999999999      -0.58806510784489086       0.29629414989435210        5.6832530809800925E-003   1.6929898589362325E-002
   693.31999999999994      -0.62181738262946906       0.31983442629786613        5.9598112138466199E-003   1.8685203845202711E-002
   710.50000000000000      -0.65641650811549046       0.34421642485963105        6.2064733914980498E-003   2.0553879569094734E-002
   727.68000000000006      -0.69186248430295505       0.36953136800305403        6.4165944729070922E-003   2.2539135712788944E-002
   744.86000000000001      -0.72815531119186216       0.39581536349150631        6.5830516792915964E-003   2.4644185785426105E-002
   762.03999999999996      -0.76529498878221247       0.42305914310042175        6.6983413367527733E-003   2.6872295471203123E-002
   779.22000000000003      -0.80328151707400575       0.45125818970537895        6.7543926216469255E-003   2.9226761285031912E-002
   796.39999999999998      -0.84211489606724177       0.48045147769183949        6.7427117771788224E-003   3.1710953261221711E-002
   813.58000000000004      -0.88179512576192121       0.51065662219133279        6.6543414915189196E-003   3.4328341041007140E-002
   830.75999999999999      -0.92232220615804361       0.54190424789292557        6.4798618105438022E-003   3.7082489129361310E-002
   847.93999999999994      -0.96369613725560832       0.57431384832437327        6.2093140633538062E-003   3.9977135157580022E-002
   865.12000000000000       -1.0059169190546169       0.60806390335638683        5.8324941833439300E-003   4.3016142451412567E-002
   882.29999999999995       -1.0489845515550678       0.64301163462446354        5.3385452984743243E-003   4.6203625725515195E-002
   899.48000000000002       -1.0928990347569623       0.67916401483316102        4.7162180156575971E-003   4.9543910766362234E-002
   916.65999999999997       -1.1376603686602995       0.71672096734226987        3.9538136189172981E-003   5.3041603208456529E-002
   933.84000000000003       -1.1832685532650795       0.75551546770957356        3.0391882018259465E-003   5.6701650195759408E-002
   951.01999999999998       -1.2297235885713027       0.79472270804869449        1.9597572000703309E-003   6.0529378327186106E-002
   968.20000000000005       -1.2770254745789689       0.83447372098419459        7.0250028876381581E-004   6.4530522115727268E-002
   985.38000000000000       -1.3251742112880778       0.87475590308231577       -7.4603338908036700E-004   6.8711361540869778E-002
   1002.5599999999999       -1.3741697986986297       0.91562353877624625       -2.3997196950172415E-003   7.3078764737279020E-002
   1019.7400000000000       -1.4240122368106252       0.95709121314593015       -4.2728536988296470E-003   7.7640287601724339E-002
   1036.9200000000001       -1.4747015256240632       0.99914618755697893       -6.3773212457744893E-003   8.2404259170443611E-002
   1054.0999999999999       -1.5262376651389440        1.0419215995726563       -8.7366154027182404E-003   8.7380004548928664E-002
   1071.2800000000000       -1.5786206553552682        1.0854349242770800       -1.1357954436733779E-002   9.2577911316542236E-002
   1088.4600000000000       -1.6318504962730351        1.1295989246002716       -1.4259989058901287E-002   9.8009704631359496E-002
   1105.6399999999999       -1.6859271878922453        1.1745666663964924       -1.7458438247420039E-002  0.10368876028050507     
   1122.8199999999999       -1.7408507302128975        1.2203379155960739       -2.0971071450335447E-002  0.10963026594850839     
   1140.0000000000000       -1.7966211232349942        1.2668970088644502       -2.4814419543866380E-002  0.11585187577709916     
