   298.18000000000001       0.25688956692527704        7.5097115835820478E-003   3.6454104409516596E-004   1.1582176002341206E-004
   315.36000000000001       0.28713268563094241        1.4453739218727110E-002   7.8983873799756926E-004   2.4044548537151877E-004
   332.54000000000002       0.31906950573949361        2.0993850135147884E-002   1.3186665221036470E-003   3.8606339907093078E-004
   349.72000000000003       0.35270002725093086        2.6427708992621975E-002   1.9631957672137440E-003   5.5452627968959295E-004
   366.89999999999998       0.38802425016525399        2.9716647384367169E-002   2.7360446782597322E-003   7.4767922694079342E-004
   384.07999999999998       0.42504217448246306        3.0051529188126411E-002   3.6502560184765564E-003   9.6734947947456102E-004
   401.25999999999999       0.46375380020255830        2.5919989155013853E-002   4.7192752646191653E-003   1.2153365579423399E-003
   418.44000000000000       0.50415912732553947        1.6241674566146367E-002   5.9569292874442157E-003   1.4934001105804972E-003
   435.62000000000000       0.54625815585140658       -9.7295356405328382E-005   7.3774056400014131E-003   1.8032516126332073E-003
   452.80000000000001       0.59005088578015974       -2.4160824917159682E-002   8.9952325251109605E-003   2.1465446576417174E-003
   469.98000000000002       0.63553731711179862       -5.6657443544655142E-002   1.0825259502336411E-002   2.5248671756533006E-003
   487.15999999999997       0.68271744984632365       -9.8147698599806668E-002   1.2882638984008144E-002   2.9397359489113754E-003
   504.34000000000003       0.73159128398373463      -0.14860064251319288        1.5182808559719282E-002   3.3925887559521643E-003
   521.51999999999998       0.78215881952403155      -0.20785596710980100        1.7741474178881580E-002   3.8847848162784672E-003
   538.70000000000005       0.83442005646721473      -0.27538542434167573        2.0574594211911604E-002   4.4175970826809104E-003
   555.88000000000000       0.88837499481328353      -0.35058219472951618        2.3698364401891509E-002   4.9922178737724192E-003
   573.05999999999995       0.94402363456223792      -0.43267559877050138        2.7129203710930475E-002   5.6097541308012941E-003
   590.24000000000001        1.0013659757140791      -0.52077907642264187        3.0883741057924768E-002   6.2712342359824104E-003
   607.42000000000007        1.0604020182688063      -0.61415134730920706        3.4978802938166784E-002   6.9776151272776107E-003
   624.60000000000002        1.1211317622264190      -0.71209946102606259        3.9431401909184094E-002   7.7297843735399758E-003
   641.77999999999997        1.1835552075869176      -0.81400810842830040        4.4258725922097675E-002   8.5285755898713324E-003
   658.96000000000004        1.2476723543503025      -0.91951798712618094        4.9478128473170110E-002   9.3747767381993675E-003
   676.13999999999999        1.3134832025165728       -1.0281936620051610        5.5107119546398756E-002   1.0269149100025320E-002
   693.31999999999994        1.3809877520857294       -1.1398450269369294        6.1163357314524630E-002   1.1212438541492932E-002
   710.50000000000000        1.4501860030577722       -1.2543620422704809        6.7664640563256440E-002   1.2205411680188733E-002
   727.68000000000006        1.5210779554327012       -1.3717702979290032        7.4628901801117864E-002   1.3248913989181856E-002
   744.86000000000001        1.5936636092105156       -1.4921382881587528        8.2074201015735052E-002   1.4343700820989888E-002
   762.03999999999996        1.6679429643912160       -1.6156979010781019        9.0018720036013508E-002   1.5490774173850447E-002
   779.22000000000003        1.7439160209748026       -1.7427390128050422        9.8480757458880089E-002   1.6691207193804999E-002
   796.39999999999998        1.8215827789612749       -1.8736626339430491       0.10747872409873066        1.7946255639591572E-002
   813.58000000000004        1.9009432383506337       -2.0090483665651102       0.11703113891766358        1.9257380412782642E-002
   830.75999999999999        1.9819973991428783       -2.1497137401853936       0.12715662539468653        2.0626317519792256E-002
   847.93999999999994        2.0647452613380080       -2.2965961606446812       0.13787390829261648        2.2055114831574685E-002
   865.12000000000000        2.1491868249360246       -2.4510497710397865       0.14920181078196026        2.3546221018379245E-002
   882.29999999999995        2.2353220899369264       -2.6147895177469622       0.16115925188209893        2.5102543653790121E-002
   899.48000000000002        2.3231510563407154       -2.7900668790339176       0.17376524418094824        2.6727528663107316E-002
   916.65999999999997        2.4126737241473899       -2.9791489328375338       0.18703889179569191        2.8425302618954384E-002
   933.84000000000003        2.5038900933569499       -3.1817823410099253       0.20099938853829757        3.0200715429960726E-002
   951.01999999999998        2.5968001639693963       -3.3825815212979151       0.21566601625104809        3.2059522953458153E-002
   968.20000000000005        2.6914039359847290       -3.4850118216266774       0.23105814327870400        3.4008543520649373E-002
   985.38000000000000        2.7877014094029464       -3.0755413084310446       0.24719522304554672        3.6055776516281071E-002
   1002.5599999999999        2.8856925842240502       -3.0887350009412047       0.26409679270693148        3.8210675111892009E-002
   1019.7400000000000        2.9853774604480412       -3.2346148758031221       0.28178247184673927        4.0484456944556567E-002
   1036.9200000000001        3.0867560380749177       -3.3453531724204177       0.30027196119346777        4.2890253527272770E-002
   1054.0999999999999        3.1898283171046788       -3.4561410295403983       0.31958504132947307        4.5443658087052030E-002
   1071.2800000000000        3.2945942975373272       -3.5714501548189119       0.33974157136920186        4.8163140593774918E-002
   1088.4600000000000        3.4010539793728611       -3.6936775898323124       0.36076148758388082        5.1070614571028565E-002
   1105.6399999999999        3.5092073626112814       -3.8246327283339889       0.38266480195155061        5.4192191262827490E-002
   1122.8199999999999        3.6190544472525863       -3.9654001879266847       0.40547160061269050        5.7559199418802207E-002
   1140.0000000000000        3.7305952332967793       -4.1170810264631630       0.42920204221317693        6.1209413779612420E-002
