   298.18000000000001        5.2564535282238921E-003   2.7874983489682524E-004  -2.7008694050171823E-005   3.9097677561754650E-005
   315.36000000000001        1.0296973312501456E-002   7.7262975168641780E-004  -5.8085318426941374E-005   8.5203877005005812E-005
   332.54000000000002        1.5619776663926659E-002   1.5498601132649832E-003  -9.6068265530196615E-005   1.4289236917746387E-004
   349.72000000000003        2.1224863582499535E-002   2.6668175074010423E-003  -1.4143204631487482E-004   2.1346156907534045E-004
   366.89999999999998        2.7112234068220057E-002   4.2081024884922770E-003  -1.9459235353291613E-004   2.9823790151059629E-004
   384.07999999999998        3.3281888121088239E-002   6.2402822140660537E-003  -2.5589720183664705E-004   3.9857118298851666E-004
   401.25999999999999        3.9733825741104109E-002   8.8872584313446044E-003  -3.2561837042109501E-004   5.1583002674537902E-004
   418.44000000000000        4.6468046928267642E-002   1.2223785303268267E-002  -4.0394317443758409E-004   6.5139734969052736E-004
   435.62000000000000        5.3484551682578818E-002   1.6406457443564487E-002  -4.9096660812879256E-004   8.0666735233032329E-004
   452.80000000000001        6.0783340004037678E-002   2.1587363721755289E-002  -5.8668388508668283E-004   9.8304542612777639E-004
   469.98000000000002        6.8364411892644167E-002   2.7964547946107136E-002  -6.9098339761740823E-004   1.1819271797228659E-003
   487.15999999999997        7.6227767348398326E-002   3.5753811166634369E-002  -8.0364011561055715E-004   1.4047217843056810E-003
   504.34000000000003        8.4373406371300169E-002   4.5200288344190563E-002  -9.2430943572414785E-004   1.6528334455425005E-003
   521.51999999999998        9.2801328961349641E-002   5.6657578585863497E-002  -1.0525214897095768E-003   1.9276615518003836E-003
   538.70000000000005       0.10151153511854684        7.0468173951575341E-002  -1.1876759157692740E-003   2.2306019340561966E-003
   555.88000000000000       0.11050402484289165        8.7123747712675684E-002  -1.3290370928449853E-003   2.5630456800998830E-003
   573.05999999999995       0.11977879813438405       0.10720775084694865       -1.4757298331555184E-003   2.9263785416360961E-003
   590.24000000000001       0.12933585499302425       0.13096933325263069       -1.6267355280279927E-003   3.3219822683055230E-003
   607.42000000000007       0.13917519541881210       0.15932190142838804       -1.7808887350735576E-003   3.7512362381553889E-003
   624.60000000000002       0.14929681941174755       0.19240729336364731       -1.9368741962422467E-003   4.2155216079280159E-003
   641.77999999999997       0.15970072697183063       0.23020327077553968       -2.0932242715904787E-003   4.7162236846542832E-003
   658.96000000000004       0.17038691809906148       0.27120287860599146       -2.2483167729841465E-003   5.2547384475356484E-003
   676.13999999999999       0.18135539279343985       0.31101174458033615       -2.4003731803185191E-003   5.8324764017835236E-003
   693.31999999999994       0.19260615105496595       0.33940765226366143       -2.5474572215497945E-003   6.4508717685439389E-003
   710.50000000000000       0.20413919288363977       0.33662937260677844       -2.6875241538913235E-003   7.1113937499664845E-003
   727.68000000000006       0.21595451827946127       0.27239897055904849       -2.8182146413991620E-003   7.8155441576108521E-003
   744.86000000000001       0.22805212724243032       0.11977629441164207       -2.9371668153464212E-003   8.5649101804013573E-003
   762.03999999999996       0.24043201977254705      -0.11225351438042847       -3.0418056206293737E-003   9.3611151740626113E-003
   779.22000000000003       0.25309419586981152      -0.36513481840804690       -3.1293707872486077E-003   1.0205884472838078E-002
   796.39999999999998       0.26603865553422351      -0.57440374181191411       -3.1970284637394841E-003   1.1101055468762295E-002
   813.58000000000004       0.27926539876578332      -0.71529196715633259       -3.2416907809547854E-003   1.2048594805713471E-002
   830.75999999999999       0.29277442556449079      -0.79751096987771619       -3.2601454163286611E-003   1.3050607272888958E-002
   847.93999999999994       0.30656573593034570      -0.84063587732029466       -3.2490225884256709E-003   1.4109406359710757E-002
   865.12000000000000       0.32063932986334853      -0.86087222289891951       -3.2047961773025218E-003   1.5227521370605884E-002
   882.29999999999995       0.33499520736349886      -0.86871152728111856       -3.1237849940748304E-003   1.6407714026160619E-002
   899.48000000000002       0.34963336843079701      -0.87028795842144901       -3.0021212772933202E-003   1.7653085184826278E-002
   916.65999999999997       0.36455381306524270      -0.86890905389416206       -2.8358754081103587E-003   1.8967081957699600E-002
   933.84000000000003       0.37975654126683606      -0.86538204138953234       -2.6208844055408799E-003   2.0353570042123337E-002
   951.01999999999998       0.39524155303557712      -0.86067291003444646       -2.3528618636041842E-003   2.1816916727457412E-002
   968.20000000000005       0.41100884837146584      -0.85618313481048813       -2.0273743431460352E-003   2.3362083387223932E-002
   985.38000000000000       0.42705842727450216      -0.85256500638547894       -1.6398432194687116E-003   2.4994738129796624E-002
   1002.5599999999999       0.44339028974468608      -0.85017918481502874       -1.1855465816371850E-003   2.6721227339279289E-002
   1019.7400000000000       0.46000443578201800      -0.84934470186926758       -6.5962117299261870E-004   2.8549019163483166E-002
   1036.9200000000001       0.47690086538649729      -0.85012378817362899       -5.7064363421582874E-005   3.0486639480903462E-002
   1054.0999999999999       0.49407957855812423      -0.85267894084284512        6.2726385542068576E-004   3.2544025268145163E-002
   1071.2800000000000       0.51154057529689900      -0.85703180952871638        1.3986388599671557E-003   3.4732692983058817E-002
   1088.4600000000000       0.52928385560282121      -0.86313967269317404        2.2624693766319314E-003   3.7066215255026368E-002
   1105.6399999999999       0.54730941947589129      -0.87101274896214020        3.2242954624592474E-003   3.9560543421671944E-002
   1122.8199999999999       0.56561726691610870      -0.88056450979209444        4.2882216829642512E-003   4.2234645487503095E-002
   1140.0000000000000       0.58420739792347431      -0.89176492972453048        5.4630021345522277E-003   4.5111127481397804E-002
